#configuration file for MonoSLAM

sigma_v = 0.004;
sigma_w = 0.004;


rho_0 = 0.1;
sigma_rho_0 = 0.01;

sigma_pixel = 2;
window_size = 51;

kernel_size = 3;

camera = {
  fx = 847.225332;
  fy = 850.953794;
  u0 = 336.154365;
  v0 = 275.840396;
  k1 = 0.115580;
  k2 = 0.108171;
  p1 = 0.008395;
  p2 = 0.004415;
  k3 = 0.0;
};
